s5_767-P36	1	0	1	0
s5_767-P15	1	0	0	0
s5_767-P11	1	0	0	0
s5_767-P10	1	0	0	0
s5_767-P12	1	0	0	0
s4_767-P43	1	0	1	0
s6_767-P53	1	0	0	1
s4_767-P26	1	1	0	0
s4_767-P21	1	1	0	0
s6_767-P58	1	0	0	1
s2_767-P20	1	1	0	0
s4_767-P29	1	1	0	0
s25_767-P30	1	1	0	0
s7_767-P57	1	0	0	1
s6_767-P59	1	0	0	1
s5_767-P38a	1	0	1	0
s5_767-P38b	1	0	1	0
s45_767-P34	1	0	1	0
s4_767-P5	1	0	0	0
s7_767-P55	1	0	0	1
s3_767-P22	1	1	0	0
s7_767-P49	1	0	0	1
s7_767-P51	1	0	0	1
s1_767-P7	1	0	0	0
s5_767-P27	1	1	0	0
s4_767-P13	1	0	0	0
s4_767-P14	1	0	0	0
s5_767-P40	1	0	1	0
s6_767-P45	1	0	0	1
s6_767-P44	1	0	0	1
s6_767-P47	1	0	0	1
s6_767-P46	1	0	0	1
s6_767-P52	1	0	0	1
s2_767-P17	1	1	0	0
s3_767-P19	1	1	0	0
s3_767-P16	1	1	0	0
s2_767-P18	1	1	0	0
s1_767-P1	1	0	0	0
s5_767-P4	1	0	0	0
s3_767-P37	1	0	1	0
s1_767-P2	1	0	0	0
s3_767-P33	1	0	1	0
s1_767-P6	1	0	0	0
s1_767-P9	1	0	0	0
s5_767-P8	1	0	0	0
s7_767-P50	1	0	0	1
s47_541-99	1	1	0	0
s2_909-99	1	0	0	0
s3_909-183	1	0	1	0
s4_155-23	1	0	0	0
s3_909-169	1	0	1	0
s3_909-168	1	0	1	0
s7_1034-173	1	0	0	1
s3_909-160	1	0	1	0
s3_909-163	1	0	1	0
s7_1034-170	1	0	0	1
s3_909-165	1	0	1	0
s3_909-164	1	0	1	0
s7_1034-175	1	0	0	1
s7_1034-174	1	0	0	1
s2_541-59	1	1	0	0
s7_541-35	1	1	0	0
s2_541-55	1	1	0	0
s2_541-54	1	1	0	0
s2_541-57	1	1	0	0
s2_541-56	1	1	0	0
s2_541-51	1	1	0	0
s2_541-50	1	1	0	0
s2_541-53	1	1	0	0
s2_541-52	1	1	0	0
s1_1192-57	1	0	0	0
s1_1192-50	1	0	0	0
s2_1192-58	1	0	0	0
s1_1192-59	1	0	0	0
s2_155-280	1	0	0	0
s5_155-211c	1	0	0	0
s7_155-156	1	0	1	0
s7_155-152	1	0	1	0
s5_664-185	1	0	1	0
s5_664-184	1	0	1	0
s5_664-186	1	0	1	0
s5_664-180	1	0	1	0
s5_664-183	1	0	1	0
s5_664-182	1	0	1	0
s5_664-189	1	0	1	0
s4_444-65	1	1	0	0
s7_909-137	1	0	1	0
s1_155-238	1	0	0	0
s1_155-233	1	0	0	0
s1_155-234	1	0	0	0
s3_664-157	1	0	1	0
s6_444-154	1	0	0	1
s6_444-153	1	0	0	1
s3_1192-187	1	0	1	0
s6_444-159	1	0	0	1
s6_444-158	1	0	0	1
s3_1192-180	1	0	1	0
s7_62-83	1	0	1	0
s7_62-88	1	0	1	0
s4_1192-13	1	0	0	0
s4_62-133	1	0	1	0
s4_62-138	1	0	1	0
s7_1034-67	1	1	0	0
s1_664-74	1	0	0	0
s1_664-75	1	0	0	0
s1_664-70	1	0	0	0
s1_664-71	1	0	0	0
s1_664-79	1	0	0	0
s7_155-93	1	0	1	0
s5_155-73	1	0	1	0
s4_502-P3	1	1	0	0
s5_155-70	1	0	1	0
s5_155-76	1	0	1	0
s4_502-P9	1	1	0	0
s4_1192-115	1	0	1	0
s4_1192-114	1	0	1	0
s6_541-167	1	0	0	1
s5_1192-174	1	0	1	0
s5_1192-178	1	0	1	0
s5_1192-179	1	0	1	0
s4_1192-118	1	0	1	0
s4_664-26	1	0	0	0
s4_541-63	1	1	0	0
s4_664-20	1	0	0	0
s5_155-91	1	0	1	0
s5_155-94	1	0	1	0
s4_664-29	1	0	0	0
s5_155-124	1	0	1	0
s5_1034-P1	1	1	0	0
s3_502-32	1	1	0	0
s3_502-34	1	1	0	0
s3_502-8	1	1	0	0
s3_502-7	1	1	0	0
s7_541-194	1	0	0	1
s3_62-98	1	0	1	0
s7_541-192	1	0	0	1
s3_62-95	1	0	1	0
s4_502-46	1	1	0	0
s4_502-41	1	1	0	0
s6_1034-113	1	0	0	1
s6_1034-110	1	0	0	1
s6_1034-111	1	0	0	1
s6_1034-116	1	0	0	1
s7_444-174	1	0	0	1
s6_1034-115	1	0	0	1
s3_909-167	1	0	1	0
s4_444-100	1	1	0	0
s15_909-55	1	0	0	0
s3_909-166	1	0	1	0
s1_155-58	1	0	0	0
s5_909-P7	1	0	0	0
s4_444-P9	1	1	0	0
s2_909-80	1	0	0	0
s3_62-190	1	0	1	0
s7_444-93	1	1	0	0
s7_1034-185	1	0	0	1
s57_155-11	1	0	0	0
s7_1034-168	1	0	0	1
s7_1034-169	1	0	0	1
s2_155-29b	1	0	0	0
s3_909-158	1	0	1	0
s3_909-159	1	0	1	0
s4_541-92	1	1	0	0
s7_1034-160	1	0	0	1
s7_1034-161	1	0	0	1
s3_909-156	1	0	1	0
s7_1034-163	1	0	0	1
s7_1034-164	1	0	0	1
s7_1034-165	1	0	0	1
s3_909-152	1	0	1	0
s7_1034-167	1	0	0	1
s1_1192-48	1	0	0	0
s4_664-181	1	0	1	0
s2_541-48	1	1	0	0
s2_541-49	1	1	0	0
s2_541-46	1	1	0	0
s2_541-47	1	1	0	0
s57_155-64	1	0	0	0
s2_541-45	1	1	0	0
s4_664-188	1	0	1	0
s2_541-43	1	1	0	0
s2_541-41	1	1	0	0
s4_541-95	1	1	0	0
s5_1034-90	1	1	0	0
s27_502-23	1	1	0	0
s3_664-P11	1	0	1	0
s3_664-P10	1	0	1	0
s3_664-P13	1	0	1	0
s3_664-P12	1	0	1	0
s4_909-185	1	0	1	0
s5_909-176	1	0	1	0
s4_1034-P4	1	1	0	0
s5_444-90	1	1	0	0
s7_909-123	1	0	1	0
s7_909-124	1	0	1	0
s7_909-126	1	0	1	0
s1_155-227	1	0	0	0
s1_155-222	1	0	0	0
s257_155-28	1	0	0	0
s4_909-52	1	0	0	0
s67_502-112	1	0	0	1
s5_1192-139	1	0	1	0
s257_155-281	1	0	0	0
s4_62-90	1	0	1	0
s4_62-96	1	0	1	0
s7_62-97	1	0	1	0
s2_1034-38	1	1	0	0
s2_1034-34	1	1	0	0
s2_1034-35	1	1	0	0
s4_62-107	1	0	1	0
s2_444-89a	1	1	0	0
s2_444-89b	1	1	0	0
s4_62-103	1	0	1	0
s4_62-101	1	0	1	0
s4_62-109	1	0	1	0
s2_155-13	1	0	0	0
s2_155-16	1	0	0	0
s7_541-148	1	0	0	1
s7_1034-77	1	1	0	0
s7_1034-74	1	1	0	0
s7_1192-148	1	0	1	0
s1_909-81	1	0	0	0
s5_155-65	1	0	0	0
s5_155-60	1	0	0	0
s5_155-61	1	0	0	0
s5_155-63	1	0	0	0
s3_62-155	1	0	1	0
s3_444-50a	1	1	0	0
s5_1192-145	1	0	1	0
s5_1192-144	1	0	1	0
s4_664-18	1	0	0	0
s5_62-124	1	0	1	0
s5_1192-143	1	0	1	0
s5_1192-142	1	0	1	0
s1_909-61	1	0	0	0
s5_1192-149	1	0	1	0
s5_155-88	1	0	1	0
s5_155-138	1	0	1	0
s5_155-133	1	0	1	0
s5_155-132	1	0	1	0
s5_155-131	1	0	1	0
s5_155-130	1	0	1	0
s5_155-137	1	0	1	0
s5_155-136	1	0	1	0
s5_155-135	1	0	1	0
s5_155-134	1	0	1	0
s3_502-28	1	1	0	0
s3_502-22	1	1	0	0
s3_502-20	1	1	0	0
s3_502-24	1	1	0	0
s3_502-25	1	1	0	0
s1_664-48	1	0	0	0
s6_502-157	1	0	0	1
s1_664-43	1	0	0	0
s1_664-45	1	0	0	0
s4_502-58	1	1	0	0
s4_502-57	1	1	0	0
s4_502-54	1	1	0	0
s4_502-52	1	1	0	0
s12_909-50	1	0	0	0
s7_444-186	1	0	0	1
s3_502-53a	1	1	0	0
s7_444-161	1	0	0	1
s7_444-160	1	0	0	1
s7_444-163	1	0	0	1
s7_444-162	1	0	0	1
s7_444-165	1	0	0	1
s6_1034-162	1	0	0	1
s7_444-167	1	0	0	1
s7_444-166	1	0	0	1
s7_444-168	1	0	0	1
s4_1192-108	1	0	1	0
s4_1192-100	1	0	0	0
s1_155-48	1	0	0	0
s1_155-43	1	0	0	0
s1_155-47	1	0	0	0
s1_155-44	1	0	0	0
s1_155-45	1	0	0	0
s3_62-186	1	0	1	0
s3_62-187	1	0	1	0
s3_62-182	1	0	1	0
s3_62-180	1	0	1	0
s3_62-181	1	0	1	0
s3_62-189	1	0	1	0
s7_541-183	1	0	0	1
s7_541-182	1	0	0	1
s7_541-180	1	0	0	1
s6_1034-P22	1	0	0	1
s6_1034-P20	1	0	0	1
s4_155-41	1	0	0	0
s4_155-40	1	0	0	0
s7_444-46	1	1	0	0
s7_1034-159	1	0	0	1
s1_155-8	1	0	0	0
s3_909-149	1	0	1	0
s7_1034-156	1	0	0	1
s7_1034-153	1	0	0	1
s2_541-70	1	1	0	0
s2_541-76	1	1	0	0
s2_541-75	1	1	0	0
s2_541-74	1	1	0	0
s1_1192-34	1	0	0	0
s2_541-78	1	1	0	0
s57_155-71	1	0	1	0
s1_1192-33	1	0	0	0
s1_1192-30	1	0	0	0
s5_909-21	1	0	0	0
s5_909-20	1	0	0	0
s14_664-47	1	0	0	0
s3_909-118	1	0	1	0
s257_502-21	1	1	0	0
s3_664-P28	1	0	1	0
s3_664-P24	1	0	1	0
s4_155-P10	1	0	1	0
s2_155-215	1	0	0	0
s35_909-P27	1	0	1	0
s7_62-129	1	0	1	0
s5_541-102	1	0	0	1
s7_502-P18	1	0	0	1
s7_502-P19	1	0	0	1
s7_502-P17	1	0	0	1
s7_502-P15	1	0	0	1
s7_909-119	1	0	1	0
s4_502-P11	1	1	0	0
s7_664-97	1	0	0	0
s25_444-64	1	1	0	0
s1_155-P6	1	0	0	0
s6_444-179	1	0	0	1
s6_444-176	1	0	0	1
s6_444-175	1	0	0	1
s6_444-173	1	0	0	1
s6_444-171	1	0	0	1
s7_541-139	1	0	0	1
s4_62-89	1	0	1	0
s4_62-85	1	0	1	0
s4_62-84	1	0	1	0
s4_62-86	1	0	1	0
s4_62-82	1	0	1	0
s3_502-65a	1	1	0	0
s6_1034-P9	1	0	0	1
s6_1034-P8	1	0	0	1
s4_1192-36	1	0	0	0
s7_444-P6	1	1	0	0
s2_1034-21	1	1	0	0
s2_1034-20	1	1	0	0
s2_1034-22	1	1	0	0
s6_909-127	1	0	1	0
s6_909-128	1	0	1	0
s3_155-72	1	0	1	0
s5_664-54c	1	0	0	0
s3_909-P4b	1	0	0	0
s2_502-18	1	1	0	0
s2_502-19	1	1	0	0
s2_502-16	1	1	0	0
s14_664-30	1	0	0	0
s5_155-83	1	0	1	0
s7_155-75	1	0	1	0
s7_155-79	1	0	1	0
s4_444-36	1	1	0	0
s4_541-96	1	1	0	0
s1_909-76	1	0	0	0
s5_155-145	1	0	1	0
s5_155-143	1	0	1	0
s5_155-141	1	0	1	0
s3_502-17	1	1	0	0
s3_502-14	1	1	0	0
s3_502-13	1	1	0	0
s3_502-12	1	1	0	0
s1_664-56	1	0	0	0
s1_664-57	1	0	0	0
s1_664-50	1	0	0	0
s4_502-62	1	1	0	0
s4_502-61	1	1	0	0
s4_502-60	1	1	0	0
s4_502-64	1	1	0	0
s4_502-69	1	1	0	0
s4_502-68	1	1	0	0
s3_1034-48	1	1	0	0
s7_444-155	1	0	0	1
s6_1034-176	1	0	0	1
s6_1034-177	1	0	0	1
s7_444-150	1	0	0	1
s6_1034-171	1	0	0	1
s7_444-152	1	0	0	1
s5_155-84	1	0	1	0
s6_1034-178	1	0	0	1
s6_1034-179	1	0	0	1
s4_502-98	1	1	0	0
s2_1034-7	1	1	0	0
s4_1034-79	1	1	0	0
s4_155-52	1	0	0	0
s4_155-51	1	0	0	0
s4_1034-70	1	1	0	0
s4_1034-71	1	1	0	0
s4_1034-72	1	1	0	0
s7_444-51	1	1	0	0
s4_1034-75	1	1	0	0
s4_1034-76	1	1	0	0
s7_1034-143	1	0	0	1
s7_1034-140	1	0	0	1
s7_1034-145	1	0	0	1
s2_541-64	1	1	0	0
s2_541-65	1	1	0	0
s2_541-66	1	1	0	0
s2_541-67	1	1	0	0
s1_1192-29	1	0	0	0
s2_541-61	1	1	0	0
s57_155-46	1	0	0	0
s6_541-189	1	0	0	1
s6_541-186	1	0	0	1
s6_541-187	1	0	0	1
s6_541-185	1	0	0	1
s2_541-68	1	1	0	0
s5_909-32	1	0	0	0
s5_909-33	1	0	0	0
s5_909-30	1	0	0	0
s2_1192-87	1	0	0	0
s2_1192-80	1	0	0	0
s2_1192-81	1	0	0	0
s2_1192-82	1	0	0	0
s2_1192-83	1	0	0	0
s2_1192-88	1	0	0	0
s5_444-120	1	0	0	1
s3_664-P37	1	0	1	0
s3_664-P36	1	0	1	0
s5_664-156	1	0	1	0
s5_664-46	1	0	0	0
s3_1034-43	1	1	0	0
s25_155-259	1	0	0	0
s2_444-69	1	1	0	0
s6_444-182	1	0	0	1
s6_444-180	1	0	0	1
s6_444-181	1	0	0	1
s6_444-187	1	0	0	1
s4_155-151	1	0	1	0
s6_444-188	1	0	0	1
s3_155-101a	1	0	1	0
s7_502-P24	1	0	0	1
s7_502-P23	1	0	0	1
s7_444-156	1	0	0	1
s7_155-274	1	0	0	0
s3_1192-158	1	0	1	0
s7_444-157	1	0	0	1
s4_1192-46	1	0	0	0
s3_1192-151	1	0	1	0
s3_1192-153	1	0	1	0
s3_1192-154	1	0	1	0
s4_1192-43	1	0	0	0
s3_1192-156	1	0	1	0
s4_1192-41	1	0	0	0
s7_502-123	1	0	0	1
s7_502-125	1	0	0	1
s2_1034-18	1	1	0	0
s2_1034-19	1	1	0	0
s2_1034-15	1	1	0	0
s2_1034-16	1	1	0	0
s2_1034-11	1	1	0	0
s2_1034-12	1	1	0	0
s2_1034-13	1	1	0	0
s6_909-134	1	0	1	0
s6_909-133	1	0	1	0
s6_909-132	1	0	1	0
s6_909-131	1	0	1	0
s3_155-69	1	0	1	0
s2_155-P4	1	0	0	0
s2_155-P3	1	0	0	0
s6_909-139	1	0	1	0
s6_909-138	1	0	1	0
s5_664-P6	1	0	0	0
s4_541-39	1	1	0	0
s4_541-38	1	1	0	0
s4_541-37	1	1	0	0
s4_541-31	1	1	0	0
s4_541-30	1	1	0	0
s2_62-P1	1	0	0	0
s1_1192-P10	1	0	0	0
s4_502-73	1	1	0	0
s6_1034-149	1	0	0	1
s5_1034-89	1	1	0	0
s7_444-148	1	0	0	1
s6_1034-141	1	0	0	1
s6_1034-142	1	0	0	1
s7_444-147	1	0	0	1
s6_1034-144	1	0	0	1
s6_1034-147	1	0	0	1
s5_1034-87	1	1	0	0
s5_1192-129	1	0	1	0
s5_1192-128	1	0	1	0
s7_1192-183	1	0	1	0
s7_1192-181	1	0	1	0
s5_1192-124	1	0	1	0
s5_1192-121	1	0	1	0
s5_62-131	1	0	1	0
s5_62-130	1	0	1	0
s4_664-P14	1	0	1	0
s5_62-132	1	0	1	0
s5_62-135	1	0	1	0
s5_62-134	1	0	1	0
s5_62-137	1	0	1	0
s5_62-139	1	0	1	0
s3_1034-14	1	1	0	0
s3_1034-17	1	1	0	0
s4_1034-69	1	1	0	0
s4_1034-68	1	1	0	0
s4_1034-66	1	1	0	0
s2_909-P8	1	0	0	0
s7_1034-134	1	0	0	1
s2_909-P3	1	0	0	0
s2_909-P6	1	0	0	0
s7_541-72	1	1	0	0
s2_909-P5	1	0	0	0
s57_155-57	1	0	0	0
s1_1192-11	1	0	0	0
s1_1192-12	1	0	0	0
s4_502-99	1	1	0	0
s1_1192-15	1	0	0	0
s1_1192-16	1	0	0	0
s1_1192-17	1	0	0	0
s6_541-195	1	0	0	1
s2_1192-92	1	0	0	0
s67_541-113	1	0	0	1
s14_664-25	1	0	0	0
s6_541-191	1	0	0	1
s6_541-190	1	0	0	1
s57_155-59	1	0	0	0
s2_1192-94	1	0	0	0
s5_909-120	1	0	1	0
s7_62-148	1	0	1	0
s7_62-149	1	0	1	0
s4_155-62	1	0	0	0
s25_155-249	1	0	0	0
s25_155-244	1	0	0	0
s3_664-195	1	0	1	0
s3_664-190	1	0	1	0
s3_664-192	1	0	1	0
s3_664-193	1	0	1	0
s4_1034-81	1	1	0	0
s257_1192-84	1	0	0	0
s3_541-9	1	1	0	0
s3_1192-169	1	0	1	0
s3_1192-168	1	0	1	0
s3_1192-165	1	0	1	0
s3_1192-164	1	0	1	0
s3_1192-167	1	0	1	0
s3_1192-166	1	0	1	0
s3_1192-160	1	0	1	0
s3_1192-163	1	0	1	0
s7_502-135	1	0	0	1
s7_502-134	1	0	0	1
s7_502-139	1	0	0	1
s7_502-138	1	0	0	1
s12_1192-39	1	0	0	0
s7_444-57	1	1	0	0
s1_1192-102	1	0	0	0
s5_909-122	1	0	1	0
s5_909-121	1	0	1	0
s2_664-99	1	0	0	0
s4_909-84a	1	0	0	0
s4_909-84b	1	0	0	0
s1_909-57	1	0	0	0
s4_541-27	1	1	0	0
s4_541-25	1	1	0	0
s4_541-23	1	1	0	0
s4_541-20	1	1	0	0
s5_909-116	1	0	1	0
s5_909-114	1	0	1	0
s6_541-188	1	0	0	1
s3_502-63a	1	1	0	0
s2_1192-74a	1	0	0	0
s7_444-138	1	0	0	1
s7_444-139	1	0	0	1
s7_444-136	1	0	0	1
s6_1034-157	1	0	0	1
s6_1034-154	1	0	0	1
s6_1034-155	1	0	0	1
s6_1034-152	1	0	0	1
s6_1034-150	1	0	0	1
s6_1034-151	1	0	0	1
s2_1192-85	1	0	0	0
s2_1192-86	1	0	0	0
s5_1192-138	1	0	1	0
s3_1034-2a	1	1	0	0
s3_1034-2b	1	1	0	0
s5_1192-135	1	0	1	0
s5_1192-137	1	0	1	0
s5_1192-130	1	0	1	0
s5_1192-131	1	0	1	0
s5_1192-132	1	0	1	0
s5_909-37	1	0	0	0
s6_502-P27	1	0	0	1
s6_502-P25	1	0	0	1
s5_155-125	1	0	1	0
s6_502-P28	1	0	0	1
s5_62-123	1	0	1	0
s5_62-121	1	0	1	0
s5_62-126	1	0	1	0
s3_62-154	1	0	1	0
s3_62-157	1	0	1	0
s5_62-125	1	0	1	0
s2_502-3	1	1	0	0
s257_155-252	1	0	0	0
s1_664-108	1	0	0	0
s3_1034-28	1	1	0	0
s3_1034-29	1	1	0	0
s4_1034-92	1	1	0	0
s4_1034-96	1	1	0	0
s4_1034-97	1	1	0	0
s4_1034-94	1	1	0	0
s4_1034-98	1	1	0	0
s3_909-117	1	0	1	0
s7_541-138	1	0	0	1
s7_1034-127	1	0	0	1
s7_1034-120	1	0	0	1
s7_1034-122	1	0	0	1
s7_541-86	1	1	0	0
s7_541-132	1	0	0	1
s7_541-133	1	0	0	1
s7_541-136	1	0	0	1
s7_541-137	1	0	0	1
s7_541-134	1	0	0	1
s7_541-135	1	0	0	1
s5_909-14	1	0	0	0
s5_909-15	1	0	0	0
s25_502-P1	1	1	0	0
s4_664-155b	1	0	1	0
s4_664-155a	1	0	1	0
s57_155-81	1	0	1	0
s5_664-176	1	0	1	0
s5_664-177	1	0	1	0
s5_664-170	1	0	1	0
s5_664-173	1	0	1	0
s5_664-178	1	0	1	0
s5_1192-P8	1	0	0	0
s4_155-78	1	0	1	0
s7_502-P21	1	0	0	1
s4_155-74	1	0	1	0
s5_502-109	1	0	0	1
s4_502-45	1	1	0	0
s4_664-127	1	0	1	0
s3_1192-172	1	0	1	0
s3_1192-170	1	0	1	0
s3_1192-171	1	0	1	0
s4_1192-66	1	0	0	0
s4_1192-69	1	0	0	0
s7_502-104	1	1	0	0
s7_502-101	1	1	0	0
s6_541-P23b	1	0	0	1
s6_541-P23a	1	0	0	1
s3_1034-59	1	1	0	0
s4_62-143	1	0	1	0
s3_444-38	1	1	0	0
s4_62-140	1	0	1	0
s4_62-144	1	0	1	0
s4_444-95	1	1	0	0
s4_444-94	1	1	0	0
s1_1192-2	1	0	0	0
s3_1034-57	1	1	0	0
s3_1192-P18	1	0	1	0
s2_1192-P9	1	0	0	0
s3_1192-P11	1	0	1	0
s2_1192-P7	1	0	0	0
s2_1192-P1	1	0	0	0
s3_1192-P17	1	0	1	0
s6_444-177a	1	0	0	1
s6_444-177b	1	0	0	1
s12_155-214	1	0	0	0
s4_444-99	1	1	0	0
s5_155-216	1	0	0	0
s4_541-16	1	1	0	0
s1_909-28	1	0	0	0
s6_502-113	1	0	0	1
s6_502-111	1	0	0	1
s6_502-116	1	0	0	1
s6_502-117	1	0	0	1
s6_502-114	1	0	0	1
s6_502-115	1	0	0	1
s6_502-119	1	0	0	1
s3_502-37b	1	1	0	0
s3_502-37a	1	1	0	0
s3_502-66	1	1	0	0
s1_664-87	1	0	0	0
s1_664-86	1	0	0	0
s1_664-82	1	0	0	0
s1_664-80	1	0	0	0
s1_664-89	1	0	0	0
s1_664-88	1	0	0	0
s4_155-9	1	0	0	0
s7_444-125	1	0	0	1
s7_444-127	1	0	0	1
s7_444-126	1	0	0	1
s7_909-59	1	0	0	0
s57_62-142	1	0	1	0
s47_62-87	1	0	1	0
s5_1192-31	1	0	0	0
s5_1192-35	1	0	0	0
s4_664-P4	1	0	0	0
s4_664-P3	1	0	0	0
s5_1192-103	1	0	0	0
s5_1192-105	1	0	0	0
s5_1192-104	1	0	0	0
s2_444-88	1	1	0	0
s5_1192-106	1	0	0	0
s5_1192-109	1	0	1	0
s7_502-153	1	0	0	1
s2_444-85	1	1	0	0
s47_155-154	1	0	1	0
s2_444-83	1	1	0	0
s2_444-80	1	1	0	0
s2_444-81	1	1	0	0
s4_664-P38	1	0	1	0
s4_664-P31	1	0	1	0
s2_155-241	1	0	0	0
s5_62-117	1	0	1	0
s5_62-116	1	0	1	0
s5_62-115	1	0	1	0
s5_62-114	1	0	1	0
s5_62-113	1	0	1	0
s5_62-111	1	0	1	0
s5_62-110	1	0	1	0
s5_664-83	1	0	0	0
s3_1034-30	1	1	0	0
s3_1034-37	1	1	0	0
s3_1034-36	1	1	0	0
s5_62-119	1	0	1	0
s5_664-84	1	0	0	0
s6_541-P21	1	0	0	1
s6_541-P20	1	0	0	1
s17_1192-14o	1	0	0	0
s15_664-60	1	0	0	0
s7_1034-119	1	0	0	1
s7_1034-118	1	0	0	1
s14_155-239	1	0	0	0
s7_1034-112	1	0	0	1
s7_1034-117	1	0	0	1
s14_155-232	1	0	0	0
s7_541-128	1	0	0	1
s4_909-P14	1	0	0	0
s7_541-121	1	0	0	1
s7_541-125	1	0	0	1
s7_541-124	1	0	0	1
s7_541-126	1	0	0	1
s5_909-68	1	0	0	0
s5_909-63	1	0	0	0
s6_541-159	1	0	0	1
s6_541-158	1	0	0	1
s4_155-153	1	0	1	0
s6_541-153	1	0	0	1
s6_541-152	1	0	0	1
s6_541-155	1	0	0	1
s6_541-154	1	0	0	1
s6_541-157	1	0	0	1
s6_541-156	1	0	0	1
s5_664-161	1	0	1	0
s5_664-160	1	0	1	0
s5_664-167	1	0	1	0
s4_502-P5b	1	1	0	0
s6_541-P22a	1	0	0	1
s4_155-86	1	0	1	0
s7_502-55	1	1	0	0
s4_541-84a	1	1	0	0
s4_541-84b	1	1	0	0
s7_502-59	1	1	0	0
s5_502-118	1	0	0	1
s4_664-138	1	0	1	0
s4_664-131	1	0	1	0
s4_664-133	1	0	1	0
s4_664-132	1	0	1	0
s4_664-134	1	0	1	0
s57_909-112	1	0	1	0
s3_155-P22	1	0	1	0
s3_155-P25	1	0	1	0
s3_155-146	1	0	1	0
s3_155-147	1	0	1	0
s3_155-140	1	0	1	0
s3_155-148	1	0	1	0
s3_155-149	1	0	1	0
s4_62-151	1	0	1	0
s3_155-122	1	0	1	0
s3_664-171b	1	0	1	0
s3_155-120	1	0	1	0
s3_155-P12	1	0	1	0
s12_1192-P4	1	0	0	0
s12_1192-P6	1	0	0	0
s3_1192-155	1	0	1	0
s3_155-P15	1	0	1	0
s4_1192-97	1	0	0	0
s14_909_92	1	0	0	0
s1_909-36	1	0	0	0
s4_541-P4	1	1	0	0
s1_909-35	1	0	0	0
s3_502-P4	1	1	0	0
s1_909-31	1	0	0	0
s1_909-39	1	0	0	0
s4_444-71	1	1	0	0
s6_502-107	1	0	0	1
s6_502-106	1	0	0	1
s1_155-278	1	0	0	0
s1_155-279	1	0	0	0
s1_664-98	1	0	0	0
s4_1034-56	1	1	0	0
s3_155-99	1	0	1	0
s3_155-98	1	0	1	0
s1_664-90	1	0	0	0
s3_155-95	1	0	1	0
s1_664-93	1	0	0	0
s1_664-94	1	0	0	0
s3_909-154	1	0	1	0
s5_1192-20	1	0	0	0
s5_1192-25	1	0	0	0
s5_1192-24	1	0	0	0
s5_1192-27	1	0	0	0
s5_1192-26	1	0	0	0
s3_909-150	1	0	1	0
s3_909-151	1	0	1	0
s5_1192-117	1	0	1	0
s3_909-153	1	0	1	0
s5_1192-119	1	0	1	0
s5_62-108	1	0	1	0
s2_444-30	1	1	0	0
s4_664-P29	1	0	1	0
s5_62-104	1	0	1	0
s5_62-105	1	0	1	0
s4_664-P21	1	0	1	0
s4_664-P20	1	0	1	0
s3_62-177	1	0	1	0
s3_62-176	1	0	1	0
s3_62-175	1	0	1	0
s3_62-173	1	0	1	0
s3_62-172	1	0	1	0
s3_62-171	1	0	1	0
s3_62-170	1	0	1	0
s3_1034-46	1	1	0	0
s3_1034-47	1	1	0	0
s3_1034-45	1	1	0	0
s4_1192-191	1	0	1	0
s6_541-P15	1	0	0	1
s3_62-179	1	0	1	0
s3_62-178	1	0	1	0
s6_444-112	1	0	0	1
s6_444-115	1	0	0	1
s6_444-114	1	0	0	1
s6_444-110	1	0	0	1
s6_444-117	1	0	0	1
s6_444-116	1	0	0	1
s2_541-44	1	1	0	0
s7_1034-106	1	0	0	1
s2_541-42	1	1	0	0
s7_1034-104	1	0	0	1
s7_541-119	1	0	0	1
s4_664-49	1	0	0	0
s7_541-117	1	0	0	1
s7_541-110	1	0	0	1
s67_444-113	1	0	0	1
s3_155-68	1	0	1	0
s6_541-169	1	0	0	1
s6_541-164	1	0	0	1
s6_541-165	1	0	0	1
s6_541-166	1	0	0	1
s2_1192-21	1	0	0	0
s6_541-160	1	0	0	1
s6_541-161	1	0	0	1
s6_541-162	1	0	0	1
s6_541-163	1	0	0	1
s2_155-P1	1	0	0	0
s4_155-92	1	0	1	0
s7_502-47	1	1	0	0
s4_664-105	1	0	0	0
s4_664-106	1	0	0	0
s4_664-107	1	0	0	0
s37_1034-8	1	1	0	0
s3_1192-116	1	0	1	0
s3_1192-111	1	0	1	0
s3_1192-112	1	0	1	0
s3_1192-113	1	0	1	0
s7_502-162	1	0	0	1
s7_502-161	1	0	0	1
s2_444-82	1	1	0	0
s3_155-150	1	0	1	0
s4_909-109	1	0	0	0
s3_909-P19	1	0	1	0
s3_909-P18	1	0	1	0
s5_444-18	1	1	0	0
s4_909-93	1	0	0	0
s4_909-91	1	0	0	0
s4_909-90	1	0	0	0
s4_909-97	1	0	0	0
s4_909-95	1	0	0	0
s4_909-94	1	0	0	0
s14_909-110	1	0	0	0
s5_62-99	1	0	1	0
s5_909-58c	1	0	0	0
s5_62-94	1	0	1	0
s4_909-72	1	0	0	0
s4_909-77	1	0	0	0
s7_155-21	1	0	0	0
s25_909-44	1	0	0	0
s3_1034-33	1	1	0	0
s6_502-136	1	0	0	1
s6_502-137	1	0	0	1
s4_444-62	1	1	0	0
s4_444-63	1	1	0	0
s4_444-60	1	1	0	0
s6_502-133	1	0	0	1
s3_502-42	1	1	0	0
s5_62-118	1	0	1	0
s6_1034-184	1	0	0	1
s6_1034-187	1	0	0	1
s6_1034-186	1	0	0	1
s6_1034-180	1	0	0	1
s6_1034-183	1	0	0	1
s6_1034-182	1	0	0	1
s7_444-191	1	0	0	1
s7_444-192	1	0	0	1
s3_62-168	1	0	1	0
s3_62-162	1	0	1	0
s3_62-164	1	0	1	0
s3_62-165	1	0	1	0
s3_62-167	1	0	1	0
s5_664-61	1	0	0	0
s5_664-63	1	0	0	0
s5_664-62	1	0	0	0
s5_664-65	1	0	0	0
s3_1034-55	1	1	0	0
s3_1034-54	1	1	0	0
s4_1192-188	1	0	1	0
s4_1192-189	1	0	1	0
s3_1034-52	1	1	0	0
s27_1192-52	1	0	0	0
s5_664-P26	1	0	1	0
s5_664-P27	1	0	1	0
s4_541-28a	1	1	0	0
s5_664-P25	1	0	1	0
s7_541-106	1	0	0	1
s7_541-105	1	0	0	1
s2_909-P2a	1	0	0	0
s7_541-109	1	0	0	1
s5_909-43	1	0	0	0
s5_909-40	1	0	0	0
s5_909-47	1	0	0	0
s5_909-46	1	0	0	0
s6_502-P16	1	0	0	1
s6_502-P14	1	0	0	1
s6_502-P13	1	0	0	1
s6_541-173	1	0	0	1
s6_541-172	1	0	0	1
s6_541-171	1	0	0	1
s6_541-170	1	0	0	1
s6_541-174	1	0	0	1
s7_664-198	1	0	1	0
s2_541-P3	1	1	0	0
s1_664-P5	1	0	0	0
s1_664-P2	1	0	0	0
s1_664-P1	1	0	0	0
s2_909-38	1	0	0	0
s2_444-61	1	1	0	0
s57_1192-136	1	0	1	0
s57_1192-134	1	0	1	0
s67_444-196	1	0	0	1
s7_155-221	1	0	0	0
s3_1192-120	1	0	1	0
s3_1192-122	1	0	1	0
s3_155-123	1	0	1	0
s2_155-228	1	0	0	0
s2_155-229	1	0	0	0
s2_155-224	1	0	0	0
s2_155-226	1	0	0	0
s3_909-P20	1	0	1	0
s3_909-P21	1	0	1	0
s3_909-P24	1	0	1	0
s3_909-P25	1	0	1	0
s3_909-P26	1	0	1	0
s4_909-113	1	0	1	0
s4_909-111	1	0	1	0
s4_909-115	1	0	1	0
s1_909-45	1	0	0	0
s7_664-76	1	0	0	0
s1_909-42	1	0	0	0
s4_909-85	1	0	0	0
s4_909-86	1	0	0	0
s4_909-87	1	0	0	0
s4_909-82	1	0	0	0
s4_909-83	1	0	0	0
s3_909-P2b	1	0	0	0
s4_909-69	1	0	0	0
s4_909-62	1	0	0	0
s5_155-225	1	0	0	0
s4_155-P5	1	0	0	0
s5_155-10	1	0	0	0
s6_502-129	1	0	0	1
s6_502-128	1	0	0	1
s5_155-15	1	0	0	0
s4_444-53	1	1	0	0
s6_502-122	1	0	0	1
s6_502-121	1	0	0	1
s6_502-120	1	0	0	1
s6_502-127	1	0	0	1
s6_502-126	1	0	0	1
s4_444-55	1	1	0	0
s6_502-124	1	0	0	1
s57_155-248	1	0	0	0
s7_909-88	1	0	0	0
s2_909-P15	1	0	0	0
s2_1192-91a	1	0	0	0
s2_909-P10	1	0	0	0
s2_909-P11	1	0	0	0
s2_909-P12	1	0	0	0
s2_909-P13	1	0	0	0
s5_664-72	1	0	0	0
s3_1034-62	1	1	0	0
s2_444-79	1	1	0	0
s2_444-78	1	1	0	0
s2_444-77	1	1	0	0
s2_444-76	1	1	0	0
s5_664-78	1	0	0	0
s2_444-74	1	1	0	0
s2_444-73	1	1	0	0
s7_541-177	1	0	0	1
s7_541-175	1	0	0	1
s7_541-179	1	0	0	1
s5_909-54	1	0	0	0
s14_1192-73	1	0	0	0
s14_1192-70	1	0	0	0
s2_1192-P5b	1	0	1	0
s6_541-107	1	0	0	1
s6_541-104	1	0	0	1
s2_1192-P5a	1	0	0	0
s6_541-103	1	0	0	1
s6_541-108	1	0	0	1
s6_444-P16	1	0	0	1
s6_1034-148	1	0	0	1
s2_909-24	1	0	0	0
s2_909-26	1	0	0	0
s67_1034-133	1	0	0	1
s7_444-34	1	1	0	0
s2_909-29	1	0	0	0
s7_502-26	1	1	0	0
s7_502-27	1	1	0	0
s7_444-143	1	0	0	1
s7_444-140	1	0	0	1
s1_1192-60	1	0	0	0
s3_1034-22b	1	1	0	0
s7_444-146	1	0	0	1
s4_664-166	1	0	1	0
s4_664-165	1	0	1	0
s4_664-162	1	0	1	0
s7_444-144	1	0	0	1
s4_664-168	1	0	1	0
s5_502-94	1	1	0	0
s7_502-142	1	0	0	1
s2_155-230	1	0	0	0
s2_155-237	1	0	0	0
s7_502-145	1	0	0	1
s2_155-235	1	0	0	0
s7_502-147	1	0	0	1
s7_502-148	1	0	0	1
s7_502-149	1	0	0	1
s3_155-139	1	0	1	0
s5_155-P140	1	0	1	0
s4_155-242	1	0	0	0
s25_1192-44	1	0	0	0
s2_502-83	1	1	0	0
s2_502-87	1	1	0	0
s2_502-86	1	1	0	0
s2_502-84	1	1	0	0
s1_155-240	1	0	0	0
s2_502-89	1	1	0	0
s2_502-88	1	1	0	0
s6_444-109	1	0	0	1
s3_664-121	1	0	1	0
s3_664-120	1	0	1	0
s3_664-123	1	0	1	0
s3_664-122	1	0	1	0
s3_664-126	1	0	1	0
s7_1034-99	1	1	0	0
s2_502-67	1	1	0	0
s15_155-269	1	0	0	0
s7_1034-78	1	1	0	0
s5_1192-125	1	0	1	0
s3_444-103	1	1	0	0
s3_444-102	1	1	0	0
s3_444-105	1	1	0	0
s3_444-104	1	1	0	0
s4_444-49	1	1	0	0
s6_502-158	1	0	0	1
s25_909-53	1	0	0	0
s6_502-152	1	0	0	1
s4_444-41	1	1	0	0
s25_541-62	1	1	0	0
s25_541-60	1	1	0	0
s5_909-P29	1	0	1	0
s4_1192-P2	1	0	0	0
s7_909-96	1	0	0	0
s1_664-23	1	0	0	0
s1_664-22	1	0	0	0
s7_444-137	1	0	0	1
s57_62-106	1	0	1	0
s4_664-P17	1	0	1	0
s3_444-56a	1	1	0	0
s7_444-134	1	0	0	1
s4_664-92	1	0	0	0
s4_664-96	1	0	0	0
s4_664-95	1	0	0	0
s7_444-P17	1	0	0	1
s3_502-48a	1	1	0	0
s7_444-151	1	0	0	1
s5_62-153	1	0	1	0
s5_62-152	1	0	1	0
s2_444-P12	1	1	0	0
s2_444-P14	1	1	0	0
s3_62-102	1	0	1	0
s3_62-100	1	0	1	0
s5_155-80b	1	0	1	0
s5_155-80a	1	0	1	0
s5_664-44	1	0	0	0
s5_664-42	1	0	0	0
s2_444-67	1	1	0	0
s2_444-68	1	1	0	0
s5_1192-74b	1	0	0	0
s4_664-77	1	0	0	0
s2_909-108	1	0	0	0
s7_444-132	1	0	0	1
s2_909-102	1	0	0	0
s2_909-103	1	0	0	0
s2_909-100	1	0	0	0
s2_909-101	1	0	0	0
s2_909-106	1	0	0	0
s2_909-107	1	0	0	0
s2_909-104	1	0	0	0
s2_909-105	1	0	0	0
s7_541-168	1	0	0	1
s17_1192-4b	1	0	0	0
s6_541-114	1	0	0	1
s6_541-111	1	0	0	1
s6_541-112	1	0	0	1
s6_541-118	1	0	0	1
s67_1034-123	1	0	0	1
s14_155-275	1	0	0	0
s7_502-11	1	1	0	0
s25_155-39	1	0	0	0
s25_155-36	1	0	0	0
s1_1192-98	1	0	0	0
s1_1192-99	1	0	0	0
s4_1192-71	1	0	0	0
s2_155-246	1	0	0	0
s2_155-247	1	0	0	0
s7_502-155	1	0	0	1
s7_502-154	1	0	0	1
s5_502-82	1	1	0	0
s2_155-243	1	0	0	0
s5_502-80	1	1	0	0
s5_502-81	1	1	0	0
s2_1192-63	1	0	0	0
s3_155-100	1	0	1	0
s3_155-102	1	0	1	0
s3_155-103	1	0	1	0
s3_155-104	1	0	1	0
s3_155-105	1	0	1	0
s3_155-106	1	0	1	0
s3_155-107	1	0	1	0
s3_155-108	1	0	1	0
s7_541-P19	1	0	0	1
s7_541-P18	1	0	0	1
s7_541-P17	1	0	0	1
s7_502-156	1	0	0	1
s257_155-267b	1	0	0	0
s4_541-P5	1	1	0	0
s4_541-P6	1	1	0	0
s4_541-P7	1	1	0	0
s2_502-90	1	1	0	0
s2_502-91	1	1	0	0
s2_502-92	1	1	0	0
s2_502-93	1	1	0	0
s4_541-P8	1	1	0	0
s6_444-119	1	0	0	1
s6_444-118	1	0	0	1
s3_664-118	1	0	1	0
s3_664-119	1	0	1	0
s6_444-111	1	0	0	1
s3_664-115	1	0	1	0
s3_664-116	1	0	1	0
s3_664-117	1	0	1	0
s3_664-110	1	0	1	0
s3_664-111	1	0	1	0
s3_664-112	1	0	1	0
s3_664-113	1	0	1	0
s5_155-P21	1	0	1	0
s5_155-P23	1	0	1	0
s2_502-79	1	1	0	0
s2_502-72	1	1	0	0
s2_502-70	1	1	0	0
s2_502-71	1	1	0	0
s2_502-76	1	1	0	0
s2_502-77	1	1	0	0
s2_502-74	1	1	0	0
s2_502-75	1	1	0	0
s4_909-49	1	0	0	0
s5_155-245	1	0	0	0
s3_444-P3	1	1	0	0
s7_1034-138	1	0	0	1
s5_909-178	1	0	1	0
s5_909-179	1	0	1	0
s6_502-144	1	0	0	1
s5_909-173	1	0	1	0
s5_909-174	1	0	1	0
s6_502-140	1	0	0	1
s6_502-143	1	0	0	1
s5_909-177	1	0	1	0
s6_909-142	1	0	1	0
s6_909-140	1	0	1	0
s6_909-141	1	0	1	0
s57_664-172	1	0	1	0
s2_1192-93	1	0	0	0
s7_502-150	1	0	0	1
s1_664-33	1	0	0	0
s4_502-97	1	1	0	0
s2_909-P7b	1	0	0	0
s2_1192-95	1	0	0	0
s2_909-P7a	1	0	0	0
s5_155-87	1	0	1	0
s4_664-81	1	0	0	0
s5_155-85	1	0	1	0
s2_664-124a	1	0	1	0
s5_664-58	1	0	0	0
s5_62-145	1	0	1	0
s5_62-146	1	0	1	0
s5_62-147	1	0	1	0
s5_62-141	1	0	1	0
s5_664-53	1	0	0	0
s5_664-55	1	0	0	0
s2_444-15	1	1	0	0
s2_444-14	1	1	0	0
s2_444-17	1	1	0	0
s2_444-16	1	1	0	0
s2_444-11	1	1	0	0
s2_444-10	1	1	0	0
s2_444-19	1	1	0	0
s4_664-67	1	0	0	0
s2_664-103	1	0	0	0
s7_541-150	1	0	0	1
s7_541-151	1	0	0	1
s3_909-146	1	0	1	0
s2_1192-67	1	0	0	0
s2_1192-64	1	0	0	0
s2_1192-65	1	0	0	0
s2_1192-P3a	1	0	0	0
s2_1192-P3b	1	0	1	0
s2_1192-61	1	0	0	0
s5_909-98	1	0	0	0
s2_1192-68	1	0	0	0
s2_1192-101	1	0	0	0
s4_664-149	1	0	1	0
s4_664-140	1	0	1	0
s4_664-145	1	0	1	0
s4_664-146	1	0	1	0
s4_664-147	1	0	1	0
s57_155-26	1	0	0	0
s2_1192-91b	1	0	0	0
s6_541-120	1	0	0	1
s57_155-29	1	0	0	0
s6_541-127	1	0	0	1
s67_502-159	1	0	0	1
s2_155-255	1	0	0	0
s2_155-254	1	0	0	0
s2_155-257	1	0	0	0
s2_155-256	1	0	0	0
s2_155-251	1	0	0	0
s2_155-250	1	0	0	0
s2_155-253	1	0	0	0
s3_62-112	1	0	1	0
s2_155-258	1	0	0	0
s3_155-117	1	0	1	0
s3_155-116	1	0	1	0
s3_155-115	1	0	1	0
s3_155-114	1	0	1	0
s3_155-113	1	0	1	0
s2_1034-91	1	1	0	0
s3_155-111	1	0	1	0
s2_1034-93	1	1	0	0
s7_1034-P21	1	0	0	1
s7_1034-P23	1	0	0	1
s7_1034-P24	1	0	0	1
s3_155-119	1	0	1	0
s7_1034-P26	1	0	0	1
s7_664-24	1	0	0	0
s4_664-14b	1	0	0	0
s2_444-75	1	1	0	0
s1_155-267	1	0	0	0
s1_155-266	1	0	0	0
s1_155-264	1	0	0	0
s47_444-P4	1	1	0	0
s1_155-268	1	0	0	0
s6_444-124	1	0	0	1
s3_664-109	1	0	1	0
s6_444-121	1	0	0	1
s5_155-P18	1	0	1	0
s5_155-P19	1	0	1	0
s3_62-P4	1	0	1	0
s5_155-272	1	0	0	0
s5_155-276	1	0	0	0
s5_155-277	1	0	0	0
s4_444-P11	1	1	0	0
s7_502-188	1	0	0	1
s6_502-170	1	0	0	1
s6_502-171	1	0	0	1
s6_502-172	1	0	0	1
s6_502-173	1	0	0	1
s6_502-174	1	0	0	1
s6_502-175	1	0	0	1
s6_502-176	1	0	0	1
s6_502-177	1	0	0	1
s6_502-178	1	0	0	1
s6_502-179	1	0	0	1
s3_444-24	1	1	0	0
s3_444-22	1	1	0	0
s3_444-20	1	1	0	0
s3_444-28	1	1	0	0
s15_909-41	1	0	0	0
s4_541-28b	1	1	0	0
s5_1192-53	1	0	0	0
s5_1192-56	1	0	0	0
s57_62-127	1	0	1	0
s4_541-P12	1	1	0	0
s4_541-P11	1	1	0	0
s5_664-28	1	0	0	0
s5_664-27	1	0	0	0
s5_1192-182	1	0	1	0
s5_1192-185	1	0	1	0
s5_1192-184	1	0	1	0
s4_541-93	1	1	0	0
s2_502-P2	1	1	0	0
s4_541-91	1	1	0	0
s4_541-97	1	1	0	0
s4_664-52	1	0	0	0
s4_664-51	1	0	0	0
s4_541-94	1	1	0	0
s6_502-193	1	0	0	1
s6_502-196	1	0	0	1
s6_502-197	1	0	0	1
s6_502-194	1	0	0	1
s6_502-195	1	0	0	1
s7_541-149	1	0	0	1
s7_664-142	1	0	1	0
s7_541-147	1	0	0	1
s7_541-146	1	0	0	1
s7_541-145	1	0	0	1
s7_541-144	1	0	0	1
s7_541-143	1	0	0	1
s7_541-142	1	0	0	1
s7_541-141	1	0	0	1
s7_541-140	1	0	0	1
s67_541-193	1	0	0	1
s3_541-17	1	1	0	0
s3_541-14	1	1	0	0
s3_541-13	1	1	0	0
s3_155-112	1	0	1	0
s6_1034-129	1	0	0	1
s6_1034-128	1	0	0	1
s6_1034-121	1	0	0	1
s3_155-110	1	0	1	0
s6_1034-126	1	0	0	1
s6_1034-124	1	0	0	1
s57_1192-23	1	0	0	0
s4_1192-96	1	0	0	0
s2_1192-75	1	0	0	0
s2_1192-77	1	0	0	0
s2_1192-72	1	0	0	0
s2_1192-78	1	0	0	0
s3_155-118	1	0	1	0
s2_909-79	1	0	0	0
s2_909-78	1	0	0	0
s2_909-73	1	0	0	0
s2_909-71	1	0	0	0
s2_909-70	1	0	0	0
s2_909-75	1	0	0	0
s2_909-74	1	0	0	0
s5_444-P13	1	1	0	0
s57_1192-177	1	0	1	0
s57_1192-175	1	0	1	0
s57_1192-173	1	0	1	0
s4_664-154	1	0	1	0
s4_664-153	1	0	1	0
s4_664-152	1	0	1	0
s4_664-151	1	0	1	0
s4_664-150	1	0	1	0
s2_541-36	1	1	0	0
s2_541-34	1	1	0	0
s2_541-33	1	1	0	0
s2_541-32	1	1	0	0
s6_541-131	1	0	0	1
s6_541-130	1	0	0	1
s2_155-261	1	0	0	0
s2_155-262	1	0	0	0
s2_155-263	1	0	0	0
s2_1034-88	1	1	0	0
s6_502-108	1	0	0	1
s2_1034-83	1	1	0	0
s2_1034-82	1	1	0	0
s4_1192-190	1	0	1	0
s2_1034-86	1	1	0	0
s2_1034-85	1	1	0	0
s2_1034-84	1	1	0	0
s7_664-136	1	0	1	0
s3_444-P15	1	1	0	0
s25_1192-90	1	0	0	0
s6_1034-P27	1	0	0	1
s6_1034-P25	1	0	0	1
s3_1034-21b	1	1	0	0
s1_155-213	1	0	0	0
s1_155-218	1	0	0	0
s6_444-133	1	0	0	1
s3_155-97	1	0	1	0
s6_444-131	1	0	0	1
s57_909-175	1	0	1	0
s6_444-135	1	0	0	1
s3_664-124b	1	0	1	0
s4_909-27	1	0	0	0
s4_909-23	1	0	0	0
s7_502-191	1	0	0	1
s6_502-167	1	0	0	1
s6_502-166	1	0	0	1
s6_502-165	1	0	0	1
s6_502-164	1	0	0	1
s6_502-163	1	0	0	1
s4_444-92	1	1	0	0
s6_502-160	1	0	0	1
s3_444-31	1	1	0	0
s3_444-33	1	1	0	0
s6_502-169	1	0	0	1
s6_502-168	1	0	0	1
s25_541-58	1	1	0	0
s5_909-P16	1	0	0	0
s2_155-20	1	0	0	0
s2_155-25	1	0	0	0
s2_155-24	1	0	0	0
s2_155-27	1	0	0	0
s3_909-147	1	0	1	0
s7_1034-158	1	0	0	1
s1_664-11	1	0	0	0
s5_1034-10	1	1	0	0
s57_62-136	1	0	1	0
s1_155-7	1	0	0	0
s3_909-148	1	0	1	0
s5_155-54	1	0	0	0
s5_155-56	1	0	0	0
s5_155-53	1	0	0	0
s4_1192-133	1	0	1	0
s5_664-38	1	0	0	0
s2_444-32	1	1	0	0
s5_664-35	1	0	0	0
s6_444-189	1	0	0	1
s5_664-31	1	0	0	0
s4_664-40	1	0	0	0
s4_664-41	1	0	0	0
s4_541-88	1	1	0	0
s4_541-85	1	1	0	0
s4_541-87	1	1	0	0
s4_541-81	1	1	0	0
s4_541-83	1	1	0	0
s1_1192-38	1	0	0	0
s6_502-181	1	0	0	1
s6_502-180	1	0	0	1
s6_502-183	1	0	0	1
s6_502-182	1	0	0	1
s6_502-185	1	0	0	1
s6_502-184	1	0	0	1
s6_502-187	1	0	0	1
s6_502-186	1	0	0	1
s6_1034-P17	1	0	0	1
s6_1034-P16	1	0	0	1
s6_1034-P15	1	0	0	1
s6_1034-P14	1	0	0	1
s6_1034-P13	1	0	0	1
s6_1034-P12	1	0	0	1
s6_1034-P11	1	0	0	1
s1_1192-32	1	0	0	0
s6_1034-P19	1	0	0	1
s6_1034-P18	1	0	0	1
s3_541-21	1	1	0	0
s3_1192-150	1	0	1	0
s4_502-29	1	1	0	0
s6_1034-139	1	0	0	1
s4_541-100	1	1	0	0
s4_541-101	1	1	0	0
s7_444-190	1	0	0	1
s6_1034-131	1	0	0	1
s6_1034-132	1	0	0	1
s7_444-193	1	0	0	1
s6_1034-137	1	0	0	1
s5_62-183	1	0	1	0
s5_62-184	1	0	1	0
s57_62-P3	1	0	1	0
s2_909-64	1	0	0	0
s2_909-65	1	0	0	0
s2_909-66	1	0	0	0
s2_909-67	1	0	0	0
s5_541-73	1	1	0	0
s3_909-171	1	0	1	0
s7_541-29	1	1	0	0
s2_1192-49	1	0	0	0
s1_1192-62	1	0	0	0
s2_1192-42	1	0	0	0
s2_1192-45	1	0	0	0
s2_1192-47	1	0	0	0
s3_1034-P2	1	1	0	0
s3_1034-P3	1	1	0	0
s257_1192-76	1	0	0	0
s7_155-142	1	0	1	0
s25_502-78	1	1	0	0
s3_1192-157	1	0	1	0
s7_664-129	1	0	1	0
s7_664-128	1	0	1	0
s5_664-196	1	0	1	0
s5_664-197	1	0	1	0
s5_1192-146b	1	0	1	0
s5_155-P2	1	0	0	0
s3_541-P14	1	1	0	0
s5_155-P9	1	0	1	0
s3_444-P1	1	1	0	0
s3_664-164	1	0	1	0
s3_909-162	1	0	1	0
s3_444-P2	1	1	0	0
s6_444-142	1	0	0	1
s3_664-163	1	0	1	0
s6_444-141	1	0	0	1
s3_664-169	1	0	1	0
s7_1034-P6	1	0	0	1
s25_664-102	1	0	0	0
s4_502-103	1	1	0	0
s4_502-102	1	1	0	0
s4_502-100	1	1	0	0
s7_444-164	1	0	0	1
s5_909-181	1	0	1	0
s5_909-180	1	0	1	0
s5_909-182	1	0	1	0
s5_909-184	1	0	1	0
s3_444-45	1	1	0	0
s3_444-43	1	1	0	0
s4_444-48b	1	1	0	0
s4_444-P10	1	1	0	0
s4_62-122	1	0	1	0
s2_155-32	1	0	0	0
s2_155-33	1	0	0	0
s2_155-30	1	0	0	0
s2_155-37	1	0	0	0
s2_155-34	1	0	0	0
s5_664-91	1	0	0	0
s7_1034-53	1	1	0	0
s3_1034-40	1	1	0	0
s3_1034-41	1	1	0	0
s1_664-64	1	0	0	0
s1_664-66	1	0	0	0
s1_664-68	1	0	0	0
s7_1192-176	1	0	1	0
s5_1192-P13	1	0	1	0
s5_155-49	1	0	0	0
s4_444-87	1	1	0	0
s2_444-29	1	1	0	0
s4_1192-126	1	0	1	0
s2_444-25	1	1	0	0
s2_444-26	1	1	0	0
s2_444-27	1	1	0	0
s2_444-21	1	1	0	0
s2_444-23	1	1	0	0
s4_541-71	1	1	0	0
s4_664-34	1	0	0	0
s4_664-37	1	0	0	0
s5_1192-P15	1	0	1	0
s4_541-77	1	1	0	0
s4_664-32	1	0	0	0
s4_541-79	1	1	0	0
s5_1192-P14	1	0	1	0
s4_664-39	1	0	0	0
s2_909-P4a	1	0	0	0
s57_155-55	1	0	0	0
s57_155-128	1	0	1	0
s25_909-P1	1	0	0	0
s6_1034-109	1	0	0	1
s6_1034-108	1	0	0	1
s7_502-141	1	0	0	1
s6_1034-105	1	0	0	1
s5_1192-P12	1	0	1	0
s6_1034-107	1	0	0	1
s7_444-184	1	0	0	1
s5_1192-P16	1	0	1	0
s6_1034-103	1	0	0	1
s6_1034-102	1	0	0	1
s5_541-P2	1	1	0	0
s2_155-236	1	0	0	0
